City,City,Lat,Lng,Max Temp,Humidity,Cloudiness,Wind Speed,Country,Date
0,st. john's,47.5649,-52.7093,42.98,93,100,6.91,CA,1700447128
1,adamstown,-25.066,-130.1015,72.09,89,100,18.92,PN,1700447270
2,chail,25.4333,81.6333,69.48,66,0,2.1,IN,1700447271
3,port-aux-francais,-49.35,70.2167,41.29,84,83,46.3,TF,1700447272
4,pervomaysk,48.0443,30.8507,32.65,79,100,11.27,UA,1700447272
5,blackmans bay,-43.0167,147.3167,64.53,61,78,8.16,AU,1700447273
6,hamilton,39.1834,-84.5333,49.21,64,0,5.75,US,1700447108
7,dera bugti,29.0307,69.151,60.21,38,0,2.89,PK,1700447274
8,skovorodino,53.9833,123.9167,22.14,85,100,3.22,RU,1700447274
9,udachny,66.4167,112.4,-22.72,99,100,7.2,RU,1700447275
10,san patricio,28.017,-97.5169,75.06,81,95,10.92,US,1700447276
11,iqaluit,63.7506,-68.5145,22.73,85,100,2.3,CA,1700447277
12,kampene,-3.6,26.6667,68.67,99,96,1.28,CD,1700447277
13,marquette,46.5333,-87.6335,28.35,81,8,3.87,US,1700447278
14,tadine,-21.55,167.8833,76.14,62,22,16.04,NC,1700447279
15,dunedin,-45.8742,170.5036,56.8,83,54,5.99,NZ,1700447279
16,bubaque,11.2833,-15.8333,83.7,70,100,8.12,GW,1700447280
17,pathein,16.7833,94.7333,77.02,79,6,9.75,MM,1700447062
18,albany,42.6001,-73.9662,37.06,72,26,1.01,US,1700447102
19,margaret river,-33.95,115.0667,71.78,41,9,10.31,AU,1700447108
20,papatowai,-46.5619,169.4708,62.01,60,5,8.9,NZ,1700447282
21,inhambane,-23.865,35.3833,71.78,89,9,7.05,MZ,1700447283
22,kingston,17.997,-76.7936,81.55,83,75,11.5,JM,1700447061
23,ushuaia,-54.8,-68.3,37.06,75,100,6.91,AR,1700447285
24,nova sintra,14.8667,-24.7167,73.38,67,100,8.03,CV,1700447285
25,puerto ayora,-0.7393,-90.3518,71.55,92,100,6.62,EC,1700447286
26,buka,40.8108,69.1986,51.84,76,9,2.24,UZ,1700447287
27,badger,64.8,-147.5333,10.71,86,100,4.61,US,1700447287
28,olonkinbyen,70.9221,-8.7187,33.85,97,100,15.73,SJ,1700447288
29,kailua-kona,19.6406,-155.9956,82.51,73,40,13.8,US,1700447289
30,waitangi,-43.9535,-176.5597,53.69,77,100,15.73,NZ,1700447289
31,yeniseysk,58.4497,92.1703,14.95,82,100,5.99,RU,1700447290
32,port mathurin,-19.6833,63.4167,77.65,76,28,14.79,MU,1700447291
33,whitehorse,60.7161,-135.0538,-4.7,76,0,3.44,CA,1700447292
34,griffith,41.5284,-87.4237,46.89,73,0,5.75,US,1700447292
35,tiksi,71.6872,128.8694,-17.99,100,100,3.96,RU,1700447293
36,kangding,30.0513,101.9603,55.02,27,0,4.59,CN,1700447293
37,tamiahua,21.2667,-97.45,72.5,90,0,10.09,MX,1700447294
38,milazzo,38.2212,15.2383,64.78,71,6,5.99,IT,1700447295
39,tura,25.5198,90.2201,70.27,81,0,1.57,IN,1700447296
40,tazovsky,67.4667,78.7,-18.08,95,38,8.59,RU,1700447297
41,kondratovo,57.9804,56.1066,19.69,85,75,7.0,RU,1700447298
42,belmonte,-15.8631,-38.8828,77.47,86,15,11.59,BR,1700447299
43,port elizabeth,-33.918,25.5701,66.31,94,75,4.61,ZA,1700447300
44,invercargill,-46.4,168.35,59.97,57,14,7.85,NZ,1700447301
45,zaozersk,69.4005,32.4476,6.35,97,100,5.97,RU,1700447302
46,armacao de buzios,-22.7469,-41.8817,77.05,98,100,6.29,BR,1700447303
47,edinburgh of the seven seas,-37.0676,-12.3116,54.07,70,100,13.62,SH,1700447304
48,qaqortoq,60.7167,-46.0333,38.12,77,100,27.25,GL,1700447259
49,klyuchi,52.2667,79.1667,22.46,57,0,10.31,RU,1700447308
50,punta cardon,11.6581,-70.215,82.99,77,98,4.43,VE,1700447310
51,selfoss,63.9331,-20.9971,34.84,72,77,2.19,IS,1700447311
52,nar'yan-mar,67.6713,53.087,5.11,97,94,8.01,RU,1700447315
53,yerofey pavlovich,53.9667,121.9667,20.55,80,72,3.78,RU,1700447316
54,sept-iles,50.2001,-66.3821,28.4,76,75,5.75,CA,1700447122
55,college,64.8569,-147.8028,10.8,84,100,4.61,US,1700447319
56,ed damer,17.5928,33.9592,74.1,30,100,17.47,SD,1700447320
57,puerto natales,-51.7236,-72.4875,47.44,58,100,8.08,CL,1700447327
58,vallenar,-28.5708,-70.7581,67.15,54,11,2.15,CL,1700447330
59,vorgashor,67.5833,63.95,-20.67,100,55,3.78,RU,1700447331
60,punta arenas,-53.15,-70.9167,44.71,53,0,24.16,CL,1700447331
61,new norfolk,-42.7826,147.0587,65.7,33,53,3.49,AU,1700447332
62,tofol,5.3248,163.0078,87.58,70,75,11.5,FM,1700447334
63,porto velho,-8.7619,-63.9039,77.05,88,40,3.44,BR,1700447334
64,george town,5.4112,100.3354,84.13,83,20,8.05,MY,1700446673
65,thompson,55.7435,-97.8558,24.96,86,100,9.22,CA,1700447336
66,pskov,57.8136,28.3496,26.28,100,40,0.0,RU,1700447336
67,bethel,41.3712,-73.414,46.49,64,0,8.05,US,1700447337
68,saipan,15.1355,145.701,86.7,84,40,11.5,MP,1700447338
69,oswego,43.4501,-76.1497,37.9,80,98,9.93,US,1700447338
70,majene,-3.5403,118.9707,86.49,67,10,6.78,ID,1700447339
71,san-pedro,4.7485,-6.6363,78.21,87,99,4.12,CI,1700447340
72,west island,-12.1568,96.8225,82.38,65,72,11.5,CC,1700447341
73,east london,-33.0153,27.9116,66.78,91,98,5.46,ZA,1700447341
74,jamestown,42.097,-79.2353,38.79,87,75,5.75,US,1700447143
75,wailua homesteads,22.0669,-159.378,77.43,84,100,6.91,US,1700447343
76,talnakh,69.4865,88.3972,-21.8,100,99,1.72,RU,1700447344
77,crieff,56.3727,-3.8389,51.3,95,92,4.34,GB,1700447344
78,egilsstadir,65.2653,-14.3948,31.91,86,0,4.61,IS,1700447345
79,tomatlan,19.9333,-105.25,74.73,89,18,1.32,MX,1700447346
80,remire-montjoly,4.9167,-52.2667,80.64,89,75,0.0,GF,1700447346
81,karungdong,5.8844,121.263,83.59,77,98,3.44,PH,1700447347
82,polygyros,40.3744,23.4383,49.55,48,0,5.99,GR,1700447348
83,bredasdorp,-34.5322,20.0403,63.23,76,100,2.84,ZA,1700447349
84,pacora,9.0833,-79.2833,81.21,89,40,3.44,PA,1700447349
85,utrik,11.2278,169.8474,82.18,76,3,20.15,MH,1700447350
86,mata-utu,-13.2816,-176.1745,83.86,74,21,17.76,WF,1700447351
87,arraial do cabo,-22.9661,-42.0278,73.24,98,100,9.1,BR,1700447351
88,konarka,19.9,86.1167,72.0,78,50,9.62,IN,1700447352
89,bilibino,68.0546,166.4372,1.58,96,100,5.08,RU,1700447353
90,alofi,-19.0595,-169.9187,78.69,69,19,17.27,NU,1700447354
91,seelbach,48.3167,7.95,53.19,85,100,6.91,DE,1700447354
92,ilulissat,69.2167,-51.1,24.82,50,9,23.02,GL,1700447355
93,yellowknife,62.456,-114.3525,27.41,100,100,5.01,CA,1700447356
94,sal rei,16.1833,-22.9167,77.85,70,100,7.45,CV,1700447356
95,palmer,42.1584,-72.3287,42.17,42,75,9.22,US,1700447358
96,kolonia,50.9333,6.95,53.83,82,100,16.11,DE,1700447359
97,kenai,60.5544,-151.2583,8.1,92,0,0.0,US,1700447062
98,kargopol',61.5071,38.9456,14.04,96,41,3.71,RU,1700447360
99,sulak,43.2734,47.5146,55.13,89,100,19.91,RU,1700447361
100,stanley,54.868,-1.6985,49.53,93,40,16.11,GB,1700447362
101,sovetskaya gavan',48.9723,140.2878,30.11,86,78,12.88,RU,1700447363
102,mazabuka,-15.856,27.748,73.29,35,72,2.84,ZM,1700447364
103,lihue,21.9789,-159.3672,78.04,80,100,6.91,US,1700447364
104,anadyr,64.75,177.4833,34.3,86,75,38.03,RU,1700447357
105,papao,-17.75,-149.55,83.88,93,100,27.96,PF,1700447366
106,atafu village,-8.5421,-172.5159,84.51,77,100,15.73,TK,1700447366
107,kirakira,-10.4544,161.9205,85.78,74,91,13.35,SB,1700447367
108,carnarvon,-24.8667,113.6333,82.62,49,0,3.91,AU,1700447368
109,kuqa,41.7278,82.9364,37.15,51,6,1.16,CN,1700447368
110,zeya,53.75,127.2667,17.49,76,100,5.68,RU,1700447369
111,san juanito,28.0,-107.5833,46.2,43,85,9.22,MX,1700447370
112,kili,5.6439,169.1211,82.78,78,82,11.72,MH,1700447370
113,mount gambier,-37.8333,140.7667,66.9,55,100,8.32,AU,1700447371
114,tegal,-6.8694,109.1402,87.28,57,11,3.91,ID,1700447372
115,grytviken,-54.2811,-36.5092,33.6,99,100,8.88,GS,1700447372
116,guerrero negro,27.9769,-114.0611,66.83,77,100,18.37,MX,1700447373
117,hermanus,-34.4187,19.2345,64.47,75,100,4.05,ZA,1700447374
118,ancud,-41.8697,-73.8203,51.78,93,100,20.6,CL,1700447374
119,diapaga,12.0708,1.7889,76.95,22,98,6.08,BF,1700447375
120,dabola,10.75,-11.1167,75.6,63,100,2.21,GN,1700447376
121,polyarnyy,69.1989,33.4478,9.63,98,100,7.61,RU,1700447376
122,longyearbyen,78.2186,15.6401,28.24,69,75,17.27,SJ,1700447377
123,berdigestyakh,62.0989,126.6992,12.65,94,100,13.06,RU,1700447378
124,enewetak,11.3474,162.3373,82.67,77,59,18.86,MH,1700447378
125,general acha,-37.377,-64.6043,65.39,33,0,10.87,AR,1700447380
126,luderitz,-26.6481,15.1594,66.09,63,100,4.65,NA,1700447380
127,gaigeturi,33.4644,126.3183,55.45,54,0,4.61,KR,1700447381
128,fale old settlement,-9.3852,-171.2468,85.03,71,33,17.07,TK,1700447381
129,kirtipur,27.6667,85.2833,56.62,75,20,2.3,NP,1700447382
130,roanoke,37.271,-79.9414,48.81,57,0,0.0,US,1700447179
131,hasaki,35.7333,140.8333,64.8,44,2,16.71,JP,1700447383
132,bam,29.106,58.357,61.5,50,55,7.34,IR,1700447384
133,ciudad madero,22.2667,-97.8333,76.05,100,0,9.22,MX,1700447385
134,thunder bay,48.4001,-89.3168,24.78,86,0,2.3,CA,1700447270
135,alice springs,-23.7,133.8833,85.55,28,0,12.66,AU,1700447386
136,amursk,50.2261,136.8994,19.98,90,91,12.64,RU,1700447387
137,mongu,-15.2484,23.1274,78.37,44,100,8.99,ZM,1700447387
138,puerto baquerizo moreno,-0.9,-89.6,72.23,75,85,8.19,EC,1700447340
139,mejit,10.2753,170.8646,82.29,76,54,18.75,MH,1700447389
140,fort bragg,35.139,-79.006,44.15,87,0,0.0,US,1700447389
141,rikaze,29.25,88.8833,36.66,42,0,2.8,CN,1700447390
142,sitka,57.0531,-135.33,35.49,80,100,0.0,US,1700447390
143,flying fish cove,-10.4217,105.6791,77.43,77,100,16.51,CX,1700447391
144,greymouth,-42.4667,171.2,60.35,75,89,6.42,NZ,1700447391
145,narvik,68.4384,17.4272,24.8,85,61,5.93,NO,1700447392
146,uturoa,-16.7333,-151.4333,79.47,84,91,23.55,PF,1700447393
147,ipu,-4.3222,-40.7108,78.46,76,3,6.71,BR,1700447393
148,labe,11.3182,-12.2833,68.34,71,100,1.43,GN,1700447394
149,dakhla,23.6848,-15.958,70.38,55,0,10.13,EH,1700447395
150,avarua,-21.2078,-159.775,77.05,61,75,11.5,CK,1700447395
151,la passe,45.5549,-0.8967,53.98,86,100,6.44,FR,1700447396
152,kenora,49.8167,-94.4337,38.37,65,40,8.05,CA,1700447275
153,port moresby,-9.4431,147.1797,90.82,55,40,11.5,PG,1700447397
154,tanumah,27.1,44.1333,68.38,73,0,9.22,SA,1700447398
155,bor,56.3567,44.0669,21.0,66,82,5.3,RU,1700447398
156,lauro de freitas,-12.8944,-38.3272,78.82,83,20,12.66,BR,1700447399
157,dalby,-27.1833,151.2667,68.85,82,100,13.56,AU,1700447399
158,mhamid,29.82,-5.72,60.78,26,0,5.23,MA,1700447400
159,crane,31.3974,-102.3501,64.27,38,0,9.75,US,1700447401
160,whangarei,-35.7317,174.3239,65.68,95,94,7.14,NZ,1700447402
161,haiku-pauwela,20.9219,-156.3051,80.62,62,20,19.57,US,1700447403
162,georgetown,5.4112,100.3354,84.94,79,20,8.05,MY,1700447404
163,barreirinhas,-2.7469,-42.8264,80.67,78,84,9.98,BR,1700447405
164,colonia,50.9333,6.95,53.83,82,100,16.11,DE,1700447359
165,brookings,44.3114,-96.7984,51.12,66,100,10.36,US,1700447407
166,praia da vitoria,38.7333,-27.0667,59.25,94,75,18.39,PT,1700447408
167,banda aceh,5.5577,95.3222,80.56,83,100,9.89,ID,1700447408
168,nemuro,43.3236,145.575,46.58,64,5,16.28,JP,1700447409
169,horta,38.5333,-28.6333,58.01,85,100,14.0,PT,1700447410
170,salinas,36.6777,-121.6555,58.14,73,40,6.91,US,1700447282
171,byram,32.1793,-90.2454,54.25,67,0,0.0,US,1700447412
172,chibougamau,49.9168,-74.3659,17.22,79,100,10.36,CA,1700447412
173,isafjordur,66.0755,-23.124,35.11,82,73,7.52,IS,1700447413
174,xucheng,20.35,110.1288,73.27,52,11,9.8,CN,1700447414
175,olyokminsk,60.3736,120.4264,35.17,95,100,14.85,RU,1700447414
176,nova vicosa,-17.8919,-39.3719,77.22,83,44,10.87,BR,1700447415
177,palikir - national government center,6.9248,158.1611,86.85,84,75,12.66,FM,1700447416
178,zverevo,48.0211,40.1228,37.38,99,100,12.19,RU,1700447417
179,chilca,-12.5211,-76.7372,65.03,88,100,5.97,PE,1700447418
180,tamanrasset,22.785,5.5228,58.91,25,0,10.36,DZ,1700447419
181,kodiak,57.79,-152.4072,29.71,59,0,12.66,US,1700447419
182,reitz,-27.8014,28.4273,64.78,48,60,5.37,ZA,1700447421
183,buinsk,54.95,48.2833,22.41,60,100,7.52,RU,1700447422
184,zangilan,39.0883,46.6512,57.13,53,100,3.96,AZ,1700447423
185,kimbe,-5.5502,150.1429,88.63,63,83,6.2,PG,1700447425
186,pacific grove,36.6177,-121.9166,57.72,78,0,5.01,US,1700447426
187,solvang,34.5958,-120.1377,61.79,43,0,10.36,US,1700447426
188,marblehead,42.5001,-70.8578,44.31,64,100,8.99,US,1700447427
189,kattivakkam,13.2167,80.3167,79.07,88,100,12.17,IN,1700447428
190,kununurra,-15.7667,128.7333,91.38,55,65,6.91,AU,1700447429
191,anna regina,7.2644,-58.5077,81.07,79,66,9.98,GY,1700447430
192,ust-nera,64.5667,143.2,-21.15,99,66,1.03,RU,1700447431
193,hawaiian paradise park,19.5933,-154.9731,80.89,70,20,8.05,US,1700447432
194,shihezi,44.3,86.0333,39.02,74,100,6.29,CN,1700447433
195,villanueva,15.3167,-88.0,75.04,88,20,3.44,HN,1700447169
196,chinchani,19.8667,72.7,79.25,59,0,6.46,IN,1700447435
197,san agustin de valle fertil,-30.6335,-67.4682,70.02,46,100,6.71,AR,1700447436
198,port alfred,-33.5906,26.891,66.18,97,100,1.01,ZA,1700447437
199,geraldton,-28.7667,114.6,88.21,35,0,9.22,AU,1700447438
200,akureyri,65.6835,-18.0878,15.73,86,0,0.0,IS,1700447439
201,pisco,-13.7,-76.2167,68.05,83,40,4.61,PE,1700447440
202,kone,-21.0595,164.8658,82.27,58,69,8.05,NC,1700447441
203,touros,-5.1989,-35.4608,78.76,79,10,9.89,BR,1700447428
204,san jose del guaviare,2.5729,-72.6459,75.69,95,61,1.95,CO,1700447442
205,tlahualilo de zaragoza,26.1167,-103.45,73.53,44,0,3.96,MX,1700447443
206,gadzhiyevo,69.2551,33.3362,9.63,96,100,7.31,RU,1700447444
207,palangkaraya,-2.2,113.8333,92.84,50,58,2.06,ID,1700447445
208,vadso,70.0744,29.7487,19.56,68,51,14.97,NO,1700447445
209,great falls,47.5002,-111.3008,43.25,51,75,17.27,US,1700447197
210,faya-largeau,17.9257,19.1043,68.13,33,75,22.62,TD,1700447446
211,coyhaique,-45.5752,-72.0662,47.01,81,75,6.91,CL,1700447447
212,birdsboro,40.2645,-75.8041,47.17,63,0,8.05,US,1700447447
213,saint-francois,46.4154,3.9054,48.67,100,75,4.61,FR,1700447448
214,revolucion mexicana,26.311,-108.9435,70.05,75,83,3.53,MX,1700447449
215,hithadhoo,-0.6,73.0833,82.08,79,100,13.65,MV,1700447450
216,arkhangel'sk,64.5401,40.5433,23.13,92,100,5.93,RU,1700447450
217,newman,37.3138,-121.0208,57.43,55,24,14.0,US,1700447451
218,dwarka,22.2394,68.9678,77.7,49,0,12.33,IN,1700447452
219,talakan,50.3167,130.3667,23.05,73,84,4.74,RU,1700447453
220,ribeira grande,38.5167,-28.7,58.77,85,100,14.0,PT,1700447453
221,aladag,37.5485,35.396,37.99,67,1,10.49,TR,1700447454
222,deqen,29.9618,90.7188,43.7,19,0,2.57,CN,1700447455
223,isangel,-19.55,169.2667,79.77,67,1,14.63,VU,1700447456
224,usinsk,65.9939,57.5281,12.97,96,100,11.48,RU,1700447457
225,colares,38.7992,-9.4469,59.25,95,9,7.0,PT,1700447458
226,i-n-salah,27.1935,2.4607,65.34,25,0,13.51,DZ,1700447458
227,susuman,62.7833,148.1667,-17.14,98,78,0.78,RU,1700447459
228,san andres,12.5847,-81.7006,82.42,78,20,10.36,CO,1700447266
229,bengkulu,-3.8004,102.2655,82.18,76,99,9.26,ID,1700447460
230,sandnessjoen,66.0217,12.6316,3.72,77,10,10.58,NO,1700447461
231,malango,-2.9627,119.9001,84.27,57,55,4.47,ID,1700447461
232,viedma,-40.8135,-62.9967,56.62,50,3,13.15,AR,1700447462
233,minas de marcona,-15.2119,-75.1103,59.0,81,75,6.44,PE,1700447463
234,jinghong,21.991,100.7341,74.77,61,23,2.19,CN,1700447464
235,znamenskoye,57.1281,73.8282,16.23,89,61,6.82,RU,1700447465
236,xinyuan,37.3,99.0,32.56,13,1,3.36,CN,1700447466
237,yermakovskoye,53.2831,92.4003,32.63,74,78,11.99,RU,1700447467
238,kiunga,-6.1219,141.2906,93.42,50,85,3.56,PG,1700447467
239,karratha,-20.7377,116.8463,100.8,22,33,5.61,AU,1700447468
240,labytnangi,66.6572,66.4183,-21.3,97,46,1.95,RU,1700447469
241,howard springs,-12.497,131.047,89.51,65,46,7.94,AU,1700447469
242,kuta,-8.7233,115.1723,84.15,74,40,5.01,ID,1700447470
243,veraval,20.9,70.3667,77.83,49,0,12.24,IN,1700447471
244,khandyga,62.6667,135.6,-8.34,98,100,3.0,RU,1700447472
245,santa cruz,-17.8,-63.1667,76.46,83,87,9.22,BO,1700447406
246,port lincoln,-34.7333,135.8667,64.27,62,100,10.78,AU,1700447474
247,nizhneangarsk,55.7833,109.55,27.0,76,67,11.01,RU,1700447474
248,ingeniero jacobacci,-41.3427,-69.5448,49.5,61,63,29.8,AR,1700447475
249,ban houayxay,20.2453,100.4547,76.28,52,6,2.08,LA,1700447476
250,chonchi,-42.6128,-73.8092,49.21,93,100,9.98,CL,1700447477
251,andergrove,-21.0833,149.1833,85.64,65,54,10.63,AU,1700447478
252,guigang,23.0964,109.6092,70.23,48,0,3.56,CN,1700447479
253,fortuna,40.5982,-124.1573,51.98,85,0,0.0,US,1700447479
254,tucupita,9.0622,-62.051,74.07,92,30,3.47,VE,1700447480
255,barbastro,42.0356,0.1269,46.58,72,34,2.95,ES,1700447482
256,tagiura,32.8817,13.3506,64.2,55,0,5.95,LY,1700447484
257,kovernino,57.1253,43.8142,19.71,67,99,4.99,RU,1700447485
258,salekhard,66.53,66.6019,-24.65,100,89,2.15,RU,1700447486
259,tierp,60.3427,17.5181,26.96,93,85,1.92,SE,1700447487
260,bathsheba,13.2167,-59.5167,83.01,78,20,14.97,BB,1700447488
261,oranjemund,-28.55,16.4333,65.01,70,100,5.53,NA,1700447488
262,katsuura,35.1333,140.3,63.41,50,0,15.79,JP,1700447489
263,peddapuram,17.0833,82.1333,78.89,65,100,9.89,IN,1700447490
264,zalingei,12.9096,23.4741,68.49,27,100,9.33,SD,1700447491
265,tulum,20.2167,-87.4667,74.1,88,72,5.41,MX,1700447492
266,cabedelo,-6.9811,-34.8339,79.47,74,18,8.46,BR,1700447493
267,lisakovsk,52.5369,62.4936,24.76,59,100,2.75,KZ,1700447493
268,general conesa,-40.1,-64.4333,67.64,34,13,11.72,AR,1700447494
269,ribadesella,43.4614,-5.0596,59.95,88,83,3.24,ES,1700447495
270,maslyanino,54.3436,84.2111,21.29,72,100,11.39,RU,1700447496
271,severo-yeniseyskiy,60.3725,93.0408,-6.14,95,76,6.46,RU,1700447497
272,rongelap,11.1635,166.8941,82.63,78,1,20.02,MH,1700447497
273,tucumcari,35.1717,-103.725,49.95,57,100,11.5,US,1700447498
274,aginskoye,51.1,114.53,36.28,65,100,20.87,RU,1700447499
275,padang,-0.9492,100.3543,82.45,80,67,4.05,ID,1700447500
276,baruun-urt,46.6806,113.2792,25.23,74,6,13.15,MN,1700447500
277,qujing,25.4833,103.7833,57.09,60,0,5.97,CN,1700447501
278,skipton,53.9614,-2.0168,49.08,93,100,12.64,GB,1700447502
279,vilhena,-12.7406,-60.1458,71.01,92,72,3.6,BR,1700447502
280,sinop,41.7711,34.8709,42.39,84,100,16.78,TR,1700447503
281,zuunmod,47.7069,106.9528,11.43,71,100,4.27,MN,1700447503
282,fada,9.5667,8.3,67.24,28,100,6.35,NG,1700447504
283,buriti bravo,-5.8372,-43.8336,75.97,74,11,3.67,BR,1700447504
284,tefe,-3.3542,-64.7114,80.56,71,98,3.0,BR,1700447505
285,chinde,26.8418,88.0763,64.2,60,0,3.22,NP,1700447506
286,dryden,49.7833,-92.7503,32.29,80,20,11.5,CA,1700447506
287,mount isa,-20.7333,139.5,87.57,37,63,6.91,AU,1700447450
288,lebu,-37.6167,-73.65,54.77,89,100,6.2,CL,1700447508
289,sao francisco do sul,-26.2433,-48.6381,71.51,88,75,3.44,BR,1700447508
290,la mure,44.9026,5.7866,44.17,94,13,3.2,FR,1700447510
291,shizukuishi,39.6833,140.9833,43.57,83,45,13.65,JP,1700447510
292,nishinoomote,30.7333,131.0,66.76,52,20,20.71,JP,1700447511
293,valle de la pascua,9.2155,-66.0073,74.3,84,98,5.99,VE,1700447512
294,banff,51.1762,-115.5698,42.03,60,87,5.75,CA,1700447510
295,el rosario,24.2556,-107.1828,72.9,86,0,4.45,MX,1700447513
296,lafia,8.4833,8.5167,73.99,41,100,2.68,NG,1700447513
297,lompoc,34.6391,-120.4579,59.77,59,0,11.5,US,1700447514
298,valparaiso,-33.0393,-71.6273,55.04,94,20,2.3,CL,1700447245
299,urumqi,43.801,87.6005,34.75,81,40,2.24,CN,1700447515
300,divnogorsk,55.9594,92.3619,24.75,74,100,12.06,RU,1700447516
301,tralee,52.2704,-9.7026,52.84,95,99,19.17,IE,1700447517
302,gorontalo,0.5412,123.0595,90.19,59,52,9.08,ID,1700447518
303,arkalyk,50.2486,66.9114,22.53,50,28,6.6,KZ,1700447519
304,miri,4.4148,114.0089,78.94,94,40,3.44,MY,1700447519
305,acapulco de juarez,16.8634,-99.8901,84.02,74,20,5.75,MX,1700447397
306,kharovsk,59.9642,40.1912,14.38,96,79,2.98,RU,1700447520
307,sihanoukville,10.6093,103.5296,84.15,58,20,5.75,KH,1700447521
308,birzai,56.2,24.75,28.99,92,100,6.44,LT,1700447522
309,arroyito,-31.4202,-63.05,67.1,39,34,7.83,AR,1700447523
310,walvis bay,-22.9575,14.5053,59.09,100,99,8.05,NA,1700447523
311,tobruk,32.0836,23.9764,64.8,61,7,17.11,LY,1700447524
312,belgrade,44.804,20.4651,42.42,87,0,1.14,RS,1700447259
313,pontianak,-0.0333,109.3333,85.98,79,40,4.61,ID,1700447526
314,sumenep,-7.0167,113.8667,89.64,55,33,5.3,ID,1700447527
315,laibin,23.7,109.2667,70.18,47,0,4.5,CN,1700447528
316,sambava,-14.2667,50.1667,74.46,80,23,7.58,MG,1700447529
317,panruti,11.7667,79.55,79.48,77,65,12.59,IN,1700447529
318,bonnyville,54.2668,-110.735,34.92,79,28,10.74,CA,1700447530
319,haicheng,40.8516,122.7475,49.71,60,11,13.31,CN,1700447531
320,portland,45.5234,-122.6762,48.18,90,75,3.44,US,1700447284
321,jumla,29.2747,82.1838,56.07,27,0,1.07,NP,1700447532
322,kismayo,-0.3582,42.5454,76.66,90,92,3.8,SO,1700447533
323,santa ana,33.7456,-117.8678,66.04,75,0,6.91,US,1700447396
324,aasiaat,68.7098,-52.8699,12.2,83,43,11.12,GL,1700447535
325,caleta de carquin,-11.0925,-77.6267,66.52,83,100,6.62,PE,1700447536
326,panama city beach,30.1766,-85.8055,59.11,84,0,0.0,US,1700447481
327,outjo,-20.1167,16.15,73.38,30,100,13.49,NA,1700447537
328,le lavandou,43.137,6.366,61.52,93,0,2.3,FR,1700447538
329,sandviken,60.6167,16.7667,26.55,90,84,1.99,SE,1700447539
330,whakatane,-37.9585,176.9854,70.77,85,93,5.03,NZ,1700447540
331,holualoa,19.6228,-155.9522,79.77,74,40,13.8,US,1700447540
332,pemba,-12.974,40.5178,79.5,100,20,8.05,MZ,1700447541
333,cuamba,-14.8031,36.5372,77.25,63,100,4.36,MZ,1700447542
334,lerwick,60.1545,-1.1494,43.68,92,100,29.19,GB,1700447543
335,aykhal,66.0,111.5,-19.46,100,100,10.54,RU,1700447544
336,zima,53.9202,102.0442,26.98,78,85,8.34,RU,1700447545
337,turkestan,43.3333,68.25,44.65,58,76,5.68,KZ,1700447545
338,port-cartier,50.0334,-66.8654,28.08,76,94,5.86,CA,1700447546
339,houghton,47.1219,-88.569,34.75,84,0,6.91,US,1700447547
340,eten,-6.9081,-79.8642,70.05,78,0,14.97,PE,1700447547
341,sao miguel,-5.4667,-35.3667,79.57,82,15,9.82,BR,1700447549
342,shenjiamen,29.9576,122.298,62.13,47,0,3.69,CN,1700447550
343,petropavlovsk-kamchatsky,53.0452,158.6483,41.59,98,75,26.84,RU,1700447540
344,tobelo,1.7284,128.0095,84.52,73,41,3.42,ID,1700447551
345,idri,27.5,13.2667,56.91,64,0,5.79,LY,1700447552
346,camana,-16.6228,-72.7111,66.13,86,81,6.06,PE,1700447468
347,la fleche,47.6982,-0.0755,50.25,94,100,9.19,FR,1700447554
348,grafton,42.207,-71.6856,41.4,73,75,11.5,US,1700447405
349,ibotirama,-12.1853,-43.2206,77.41,67,95,1.19,BR,1700447478
350,jaruco,23.0431,-82.0108,63.63,74,0,5.77,CU,1700447556
351,zhuanghe,39.7008,122.9911,46.33,48,2,4.47,CN,1700447557
352,bandar labuan,5.2888,115.2692,86.36,74,20,3.44,MY,1700447558
353,onguday,50.75,86.15,26.49,88,85,1.88,RU,1700447558
354,manicore,-5.8092,-61.3003,75.76,89,75,6.17,BR,1700447559
355,eseka,3.65,10.7667,73.02,99,100,1.97,CM,1700447560
356,ambovombe,-25.1667,46.0833,75.52,65,9,0.65,MG,1700447560
357,catamayo,-3.9833,-79.35,63.72,94,98,1.01,EC,1700447561
358,kokkola,63.8385,23.1307,26.92,92,0,1.14,FI,1700447562
359,sandy point town,17.35,-62.8333,79.36,75,100,10.49,KN,1700447562
360,bhimunipatnam,17.8833,83.4333,80.11,73,98,12.57,IN,1700447563
361,weno,7.4515,151.8468,87.75,79,40,9.22,FM,1700447564
362,mabaruma,8.2,-59.7833,76.69,89,39,3.13,GY,1700447565
363,mossel bay,-34.1831,22.146,64.38,77,100,2.01,ZA,1700447565
364,dudinka,69.4058,86.1778,-21.39,93,100,8.3,RU,1700447567
365,greenland,43.0362,-70.8328,43.86,63,75,8.05,US,1700447567
366,port augusta,-32.5,137.7667,79.7,37,99,15.19,AU,1700447568
367,olinda,-8.0089,-34.8553,82.13,74,40,10.36,BR,1700447568
368,tolanaro,-25.0319,46.9987,75.27,83,20,13.8,MG,1700447569
369,lichtenburg,-26.152,26.1597,68.58,52,44,3.06,ZA,1700447570
370,labrador city,52.9463,-66.9114,8.51,85,75,5.75,CA,1700447410
371,ad dawadimi,24.5077,44.3924,63.75,75,62,14.09,SA,1700447571
372,akjoujt,19.6969,-14.4164,79.48,16,98,8.55,MR,1700447571
373,tepalcatepec,19.1833,-102.85,78.75,74,2,2.48,MX,1700447572
374,vilyuchinsk,52.9306,158.4028,43.07,67,100,28.88,RU,1700447573
375,guatrache,-37.6678,-63.5302,63.1,34,0,10.09,AR,1700447574
376,duderstadt,51.5131,10.2595,52.88,96,100,19.64,DE,1700447574
377,yong peng,2.0136,103.0659,84.61,71,100,5.99,MY,1700447575
378,tsengel,49.4783,100.8894,32.2,60,10,7.11,MN,1700447575
379,nuuk,64.1835,-51.7216,29.01,93,100,24.16,GL,1700447520
380,richards bay,-28.783,32.0377,73.29,86,82,13.09,ZA,1700447577
381,cabo san lucas,22.8909,-109.9124,80.76,84,20,6.91,MX,1700447288
382,prado,-17.3411,-39.2208,76.66,86,7,11.74,BR,1700447578
383,ghanzi,-21.5667,21.7833,78.71,35,100,6.04,BW,1700447579
384,ixtapa,20.7,-105.2,81.63,89,75,3.44,MX,1700447580
385,kristiansund,63.1115,7.732,27.25,80,16,3.44,NO,1700447580
386,booneville,34.6582,-88.5667,52.23,39,30,3.02,US,1700447581
387,shache,38.4167,77.2406,45.01,20,2,4.23,CN,1700447581
388,pimentel,-6.8367,-79.9342,70.09,78,0,14.97,PE,1700447582
389,deming,32.2687,-107.7586,57.09,44,0,17.27,US,1700447583
390,abu jibeha,11.4562,31.2285,74.35,28,68,4.38,SD,1700447584
391,hadibu,12.65,54.0333,78.55,76,8,7.54,YE,1700447586
392,tselinnoye,53.0833,85.6667,24.03,67,99,12.01,RU,1700447586
393,buta,2.7858,24.73,71.38,99,100,0.54,CD,1700447587
394,inderbor,48.55,51.7833,40.55,66,100,26.6,KZ,1700447588
395,uirauna,-6.5183,-38.4122,77.4,76,84,11.39,BR,1700447589
396,afaahiti,-17.75,-149.2833,82.27,90,100,25.46,PF,1700447589
397,pithoragarh,29.5833,80.2167,51.96,53,0,2.19,IN,1700447590
398,rawlins,41.7911,-107.2387,33.69,86,100,8.05,US,1700447591
399,ban houakhoua,20.2453,100.4547,76.28,52,6,2.08,LA,1700447592
400,al jawf,29.5,38.75,56.41,64,36,12.44,SA,1700447593
401,princeville,45.7668,-61.2985,38.43,90,40,4.61,CA,1700447593
402,argostolion,38.1811,20.489,59.9,63,0,13.31,GR,1700447594
403,khamis mushait,18.3064,42.7292,57.81,82,0,6.91,SA,1700447595
404,carutapera,-1.195,-46.02,80.06,82,72,7.43,BR,1700447596
405,almansa,38.8692,-1.0971,51.71,58,2,3.02,ES,1700447597
406,tacna,-18.0056,-70.2483,61.0,82,100,4.61,PE,1700447598
407,pullman,46.7313,-117.1796,43.23,80,20,14.0,US,1700447599
408,muang phon-hong,18.4928,102.4172,76.23,58,64,0.38,LA,1700447599
409,nytva,57.9404,55.334,19.29,85,99,2.73,RU,1700447600
410,chillicothe,39.3331,-82.9824,43.39,90,0,0.0,US,1700447403
411,queenstown,-31.8976,26.8753,60.93,90,93,2.62,ZA,1700447582
412,kiomboi,-4.2667,34.3667,64.11,77,40,4.41,TZ,1700447603
413,betio village,1.358,172.9211,89.64,75,3,10.0,KI,1700447604
414,vernon,50.2581,-119.2691,46.76,75,95,2.3,CA,1700447605
415,muncar,-8.4333,114.3333,86.43,63,68,7.72,ID,1700447606
416,giado,31.9582,12.0203,51.67,71,0,5.91,LY,1700447607
417,villa canas,-34.0057,-61.6076,66.94,56,0,9.17,AR,1700447608
418,scarborough,54.2797,-0.4044,50.67,88,100,5.01,GB,1700447608
419,colon,9.3592,-79.9014,73.9,88,99,4.0,PA,1700447609
420,salalah,17.0151,54.0924,77.09,78,0,5.75,OM,1700447610
421,codrington,-38.2667,141.9667,64.24,62,100,14.07,AU,1700447610
422,campbellton,48.0075,-66.6727,25.25,80,48,2.71,CA,1700447469
423,nizhniy odes,63.6445,54.856,14.16,96,96,6.31,RU,1700447612
424,callao,-12.0667,-77.15,69.71,77,75,5.75,PE,1700447505
425,xam nua,20.4197,104.0439,69.03,46,15,2.59,LA,1700447614
426,correia pinto,-27.5847,-50.3611,59.02,98,100,3.22,BR,1700447614
427,cidreira,-30.1811,-50.2056,62.69,80,0,9.4,BR,1700447615
428,kourou,5.1552,-52.6478,80.65,88,20,8.01,GF,1700447616
429,kabare,-2.4683,28.8242,61.27,93,96,1.7,CD,1700447616
430,quellon,-43.1167,-73.6167,48.31,88,98,14.72,CL,1700447617
431,zouerate,22.7187,-12.4521,68.54,19,40,8.86,MR,1700447618
432,new ulm,44.3125,-94.4605,53.44,56,40,8.05,US,1700447619
433,puerto deseado,-47.7503,-65.8938,46.9,80,100,27.2,AR,1700447493
434,cromer,52.9312,1.2989,49.14,78,74,20.8,GB,1700447620
435,vila franca do campo,37.7167,-25.4333,59.88,99,78,2.26,PT,1700447621
436,mikuni,36.2171,136.1519,53.51,56,98,18.7,JP,1700447621
437,tazacorte,28.629,-17.9293,74.16,30,0,11.01,ES,1700447622
438,borgarnes,64.5383,-21.9206,35.65,86,100,4.5,IS,1700447623
439,sisimiut,66.9395,-53.6735,22.84,75,100,7.67,GL,1700447584
440,kihancha,-1.1838,34.6262,64.8,78,100,10.2,KE,1700447624
441,francisco i. madero,29.7059,-107.8043,51.89,32,44,25.93,MX,1700447625
442,aburi,5.8472,-0.1775,78.51,92,66,3.76,GH,1700447625
443,battagram,34.6772,73.0233,57.79,39,2,3.91,PK,1700447626
444,greenville,35.6127,-77.3663,42.13,92,0,0.0,US,1700447626
445,mingyue,43.1069,128.9217,37.62,56,7,12.88,CN,1700447627
446,cristuru secuiesc,46.2833,25.0333,34.16,98,99,2.89,RO,1700447628
447,bontoc,17.0899,120.978,79.02,50,19,3.06,PH,1700447628
448,coruripe,-10.1256,-36.1756,76.8,88,3,12.1,BR,1700447629
449,hilo,19.7297,-155.09,81.1,66,20,8.05,US,1700447629
450,jinchang,38.4953,102.1739,46.69,15,44,1.25,CN,1700447544
451,nadym,65.5333,72.5167,-13.29,99,45,9.26,RU,1700447631
452,yura,-16.2522,-71.6797,55.92,44,0,2.3,PE,1700447631
453,santo antonio do ica,-3.1022,-67.9397,75.07,98,100,0.98,BR,1700447632
454,tutoia,-2.7619,-42.2744,81.0,82,81,11.68,BR,1700447633
455,aras-asan,8.8908,126.3033,83.98,74,99,5.35,PH,1700447634
456,saldanha,-33.0117,17.9442,64.45,86,100,13.8,ZA,1700447634
457,carmarthen,51.8555,-4.3054,53.53,82,100,29.93,GB,1700447635
458,castillos,-34.1667,-53.8333,55.09,77,26,4.09,UY,1700447636
459,refahiye,39.9008,38.7667,31.08,84,100,5.37,TR,1700447636
460,tual,-5.6667,132.75,82.78,75,24,13.51,ID,1700447637
461,campoverde,-8.4753,-74.8058,80.29,65,100,1.74,PE,1700447637
462,magadan,59.5667,150.8,9.77,72,100,9.46,RU,1700447638
463,formosa do rio preto,-11.0483,-45.1931,72.39,90,21,2.28,BR,1700447639
464,gorom-gorom,14.4439,-0.2361,76.26,16,87,9.55,BF,1700447640
465,mankono,8.0586,-6.1897,73.2,87,49,3.74,CI,1700447640
466,al jahra',29.3375,47.6581,75.61,82,46,20.69,KW,1700447641
467,bromsgrove,52.3357,-2.0598,49.64,89,95,11.3,GB,1700447642
468,vernal,40.4555,-109.5287,42.51,82,75,3.44,US,1700447643
